subTopicID	resultID
1.4	1.3
1.4	1.4
1.4	1.10
1.4	1.11
1.4	1.12
1.4	1.18
1.4	1.19
1.4	1.23
1.4	1.24
1.4	1.34
1.4	1.36
1.4	1.39
1.4	1.45
1.4	1.47
1.4	1.49
1.4	1.51
1.4	1.52
1.4	1.54
1.4	1.56
1.4	1.57
1.4	1.58
1.4	1.62
1.4	1.63
1.4	1.64
1.4	1.65
1.4	1.68
1.4	1.78
1.4	1.83
1.4	1.84
1.4	1.85
1.4	1.90
1.4	1.93
1.4	1.94
1.4	1.95
1.5	1.2
1.5	1.4
1.5	1.15
1.5	1.17
1.5	1.27
1.5	1.29
1.5	1.42
1.5	1.67
1.5	1.69
1.5	1.75
1.5	1.82
1.5	1.88
1.12	1.16
1.17	1.37
1.18	1.7
1.18	1.53
1.18	1.71
1.19	1.1
1.20	1.14
1.21	1.40
1.22	1.6
1.22	1.20
1.22	1.79
1.22	1.80
1.24	1.74
1.24	1.76
1.27	1.5
2.1	2.1
2.1	2.2
2.1	2.4
2.1	2.5
2.1	2.7
2.1	2.8
2.1	2.9
2.1	2.12
2.1	2.14
2.1	2.15
2.1	2.16
2.1	2.18
2.1	2.19
2.1	2.22
2.1	2.23
2.1	2.24
2.1	2.27
2.1	2.29
2.1	2.30
2.1	2.31
2.1	2.33
2.1	2.34
2.1	2.35
2.1	2.37
2.1	2.42
2.1	2.43
2.1	2.44
2.1	2.45
2.1	2.48
2.1	2.50
2.1	2.54
2.1	2.56
2.1	2.57
2.1	2.58
2.1	2.59
2.1	2.60
2.1	2.62
2.1	2.64
2.1	2.66
2.1	2.69
2.1	2.70
2.1	2.72
2.1	2.84
2.1	2.85
2.1	2.86
2.1	2.87
2.1	2.89
2.1	2.90
2.1	2.92
2.1	2.95
2.4	2.3
2.4	2.13
2.4	2.25
2.4	2.36
2.4	2.40
2.4	2.41
2.4	2.52
2.4	2.61
2.4	2.65
2.4	2.67
2.4	2.74
2.4	2.80
2.4	2.93
2.4	2.94
2.4	2.96
2.4	2.97
2.4	2.98
2.5	2.10
2.5	2.21
2.5	2.49
2.5	2.51
2.5	2.76
2.5	2.78
2.5	2.83
2.5	2.91
3.1	3.1
3.1	3.4
3.1	3.8
3.1	3.9
3.1	3.10
3.1	3.12
3.1	3.13
3.1	3.14
3.1	3.15
3.1	3.17
3.1	3.18
3.1	3.19
3.1	3.23
3.1	3.25
3.1	3.26
3.1	3.28
3.1	3.29
3.1	3.31
3.1	3.32
3.1	3.36
3.1	3.37
3.1	3.38
3.1	3.39
3.1	3.42
3.1	3.44
3.1	3.46
3.1	3.48
3.1	3.49
3.1	3.52
3.1	3.55
3.1	3.56
3.1	3.58
3.1	3.59
3.1	3.60
3.1	3.63
3.1	3.64
3.1	3.66
3.1	3.67
3.1	3.68
3.1	3.70
3.1	3.71
3.1	3.72
3.1	3.73
3.1	3.75
3.1	3.80
3.1	3.83
3.1	3.84
3.1	3.86
3.1	3.87
3.1	3.88
3.1	3.90
3.1	3.92
3.1	3.93
3.1	3.99
3.1	3.100
3.2	3.78
3.2	3.81
3.5	3.3
3.5	3.22
3.5	3.30
3.5	3.57
3.5	3.62
3.5	3.69
3.5	3.79
3.5	3.82
3.5	3.91
3.5	3.94
3.5	3.97
3.8	3.2
3.8	3.5
3.8	3.6
3.8	3.11
3.8	3.16
3.8	3.27
3.8	3.35
3.8	3.41
3.8	3.43
3.8	3.47
3.8	3.50
3.8	3.51
3.8	3.54
3.8	3.61
3.8	3.74
3.8	3.77
3.8	3.95
3.8	3.96
4.1	4.1
4.1	4.2
4.1	4.4
4.1	4.7
4.1	4.8
4.1	4.9
4.1	4.10
4.1	4.12
4.1	4.13
4.1	4.14
4.1	4.16
4.1	4.17
4.1	4.18
4.1	4.21
4.1	4.24
4.1	4.25
4.1	4.26
4.1	4.28
4.1	4.30
4.1	4.31
4.1	4.32
4.1	4.34
4.1	4.35
4.1	4.37
4.1	4.38
4.1	4.39
4.1	4.41
4.1	4.42
4.1	4.44
4.1	4.45
4.1	4.46
4.1	4.47
4.1	4.49
4.1	4.50
4.1	4.52
4.1	4.53
4.1	4.55
4.1	4.56
4.1	4.58
4.1	4.59
4.1	4.60
4.1	4.61
4.1	4.62
4.1	4.63
4.1	4.64
4.1	4.67
4.1	4.68
4.1	4.69
4.1	4.70
4.1	4.72
4.1	4.73
4.1	4.74
4.1	4.75
4.1	4.77
4.1	4.79
4.1	4.81
4.1	4.84
4.1	4.86
4.1	4.89
4.1	4.92
4.1	4.94
4.1	4.99
4.2	4.1
4.2	4.33
4.2	4.43
4.2	4.87
4.3	4.20
4.3	4.42
4.3	4.48
4.3	4.54
4.3	4.65
4.3	4.71
4.3	4.91
4.3	4.96
4.5	4.5
4.5	4.13
4.5	4.19
4.5	4.42
4.5	4.64
4.5	4.88
4.5	4.93
5.1	5.2
5.1	5.3
5.1	5.4
5.1	5.11
5.1	5.17
5.1	5.19
5.1	5.21
5.1	5.24
5.1	5.26
5.1	5.27
5.1	5.29
5.1	5.33
5.1	5.34
5.1	5.35
5.1	5.36
5.1	5.37
5.1	5.40
5.1	5.44
5.1	5.48
5.1	5.57
5.1	5.69
5.1	5.74
5.1	5.76
5.1	5.91
5.2	5.64
5.2	5.78
5.2	5.84
5.4	5.43
5.4	5.63
5.4	5.81
5.6	5.22
5.6	5.38
5.9	5.16
5.18	5.6
5.18	5.39
5.20	5.49
5.21	5.7
5.21	5.9
6.1	6.2
6.1	6.7
6.1	6.8
6.1	6.10
6.1	6.12
6.1	6.15
6.1	6.17
6.1	6.24
6.1	6.29
6.1	6.30
6.1	6.32
6.1	6.33
6.1	6.34
6.1	6.35
6.1	6.36
6.1	6.38
6.1	6.39
6.1	6.41
6.1	6.45
6.1	6.47
6.1	6.52
6.1	6.55
6.1	6.65
6.1	6.67
6.1	6.71
6.1	6.72
6.1	6.73
6.1	6.87
6.1	6.88
6.1	6.93
6.1	6.95
6.1	6.96
6.1	6.97
6.1	6.98
6.1	6.99
6.2	6.1
6.2	6.3
6.2	6.4
6.2	6.6
6.2	6.9
6.2	6.18
6.2	6.19
6.2	6.20
6.2	6.21
6.2	6.22
6.2	6.26
6.2	6.27
6.2	6.31
6.2	6.54
6.2	6.70
6.2	6.74
6.2	6.79
6.2	6.85
6.2	6.86
6.2	6.90
6.2	6.100
6.3	6.81
6.4	6.11
6.4	6.61
6.4	6.62
6.4	6.66
6.4	6.91
6.8	6.16
6.8	6.58
6.8	6.64
6.9	6.13
6.9	6.25
6.9	6.28
6.9	6.56
6.9	6.60
7.1	7.3
7.1	7.6
7.1	7.10
7.1	7.13
7.1	7.22
7.1	7.39
7.1	7.53
7.1	7.58
7.1	7.63
7.1	7.75
7.1	7.80
7.1	7.95
7.1	7.97
7.1	7.99
7.1	7.100
7.3	7.15
7.3	7.78
7.4	7.4
7.4	7.5
7.4	7.17
7.4	7.28
7.4	7.32
7.4	7.44
7.4	7.46
7.4	7.47
7.4	7.52
7.4	7.56
7.4	7.57
7.4	7.58
7.4	7.64
7.4	7.74
7.4	7.83
7.4	7.84
7.4	7.85
7.4	7.86
7.4	7.97
7.6	7.7
7.6	7.18
7.6	7.20
7.6	7.24
7.6	7.25
7.6	7.38
7.6	7.87
7.6	7.93
7.6	7.94
8.1	8.2
8.1	8.4
8.1	8.27
8.3	8.67
8.5	8.59
8.6	8.1
8.6	8.5
8.6	8.29
8.6	8.36
8.8	8.23
8.8	8.50
8.8	8.60
8.8	8.98
8.10	8.6
8.10	8.11
8.10	8.17
8.10	8.51
8.10	8.74
8.12	8.3
8.12	8.9
8.12	8.10
8.12	8.18
8.12	8.55
8.12	8.72
8.12	8.76
8.13	8.7
8.13	8.24
8.13	8.25
8.13	8.39
8.13	8.41
8.13	8.42
8.13	8.52
8.13	8.53
8.13	8.63
8.13	8.78
8.13	8.79
8.13	8.82
8.13	8.95
8.20	8.28
8.20	8.31
8.20	8.32
8.20	8.33
8.20	8.35
8.20	8.47
8.20	8.90
8.20	8.91
8.26	8.14
8.26	8.71
9.1	9.4
9.1	9.11
9.1	9.20
9.1	9.23
9.1	9.24
9.1	9.27
9.1	9.38
9.1	9.87
9.3	9.2
9.3	9.5
9.7	9.6
9.7	9.8
9.7	9.9
9.7	9.10
9.7	9.13
9.7	9.15
9.7	9.22
9.7	9.29
9.7	9.34
9.7	9.37
9.7	9.40
9.7	9.41
9.7	9.44
9.7	9.47
9.7	9.52
9.7	9.54
9.7	9.58
9.7	9.65
9.7	9.67
9.7	9.69
9.7	9.72
9.7	9.74
9.7	9.75
9.7	9.76
9.7	9.77
9.7	9.78
9.7	9.83
9.7	9.85
9.7	9.88
9.7	9.89
9.7	9.90
9.7	9.95
9.7	9.96
9.7	9.100
9.8	9.30
9.8	9.36
9.8	9.42
9.8	9.47
9.8	9.57
9.8	9.61
9.8	9.64
9.8	9.84
9.8	9.91
9.9	9.48
9.9	9.94
9.10	9.1
9.10	9.12
9.10	9.50
9.12	9.3
9.12	9.35
9.12	9.46
9.12	9.70
9.12	9.80
9.15	9.19
9.15	9.63
10.1	10.13
10.1	10.20
10.1	10.23
10.1	10.24
10.1	10.36
10.1	10.37
10.1	10.50
10.1	10.65
10.2	10.2
10.2	10.5
10.2	10.11
10.2	10.15
10.2	10.29
10.2	10.61
10.2	10.72
10.2	10.73
10.2	10.74
10.2	10.81
10.4	10.38
10.4	10.96
10.5	10.6
10.10	10.14
10.12	10.45
10.12	10.75
10.20	10.7
10.20	10.10
10.20	10.77
10.20	10.82
10.21	10.1
10.21	10.4
10.21	10.16
10.21	10.54
11.1	11.52
11.1	11.63
11.1	11.65
11.1	11.74
11.2	11.1
11.2	11.5
11.2	11.22
11.2	11.26
11.2	11.28
11.2	11.52
11.2	11.53
11.2	11.58
11.2	11.60
11.2	11.63
11.2	11.72
11.2	11.74
11.2	11.85
11.2	11.98
11.3	11.3
11.6	11.4
11.6	11.6
11.6	11.11
11.6	11.12
11.6	11.21
11.6	11.25
11.6	11.27
11.6	11.31
11.6	11.32
11.6	11.33
11.6	11.39
11.6	11.40
11.6	11.45
11.6	11.73
11.6	11.75
11.6	11.76
11.6	11.78
11.6	11.80
11.6	11.83
11.6	11.86
11.6	11.88
11.6	11.95
11.8	11.8
11.8	11.14
11.8	11.23
11.8	11.24
11.8	11.30
11.8	11.41
11.8	11.44
11.8	11.46
11.8	11.49
11.8	11.62
11.8	11.67
11.8	11.70
11.8	11.77
11.8	11.82
11.8	11.90
11.8	11.94
11.8	11.97
11.10	11.51
11.10	11.54
11.10	11.59
11.10	11.69
11.10	11.79
11.10	11.91
11.10	11.93
11.11	11.20
11.11	11.59
11.11	11.79
11.13	11.55
11.13	11.64
11.13	11.81
11.13	11.100
12.1	12.10
12.1	12.17
12.1	12.53
12.1	12.71
12.1	12.76
12.1	12.77
12.2	12.13
12.2	12.62
12.2	12.66
12.2	12.68
12.2	12.95
12.3	12.4
12.3	12.15
12.3	12.18
12.3	12.24
12.3	12.36
12.3	12.50
12.3	12.51
12.3	12.70
12.3	12.74
12.3	12.88
12.3	12.97
12.5	12.5
12.5	12.8
12.5	12.49
12.5	12.75
12.6	12.12
12.6	12.32
12.6	12.83
12.7	12.3
12.8	12.42
12.11	12.72
12.14	12.1
12.14	12.34
12.15	12.16
12.15	12.19
12.15	12.21
12.15	12.46
12.15	12.55
12.15	12.57
12.15	12.73
12.15	12.86
12.15	12.87
12.15	12.91
12.15	12.93
12.15	12.100
12.16	12.2
12.16	12.6
12.16	12.9
12.16	12.23
12.16	12.35
12.16	12.45
12.16	12.60
13.1	13.1
13.1	13.18
13.1	13.23
13.1	13.30
13.1	13.40
13.1	13.43
13.1	13.47
13.1	13.82
13.1	13.84
13.1	13.86
13.1	13.87
13.2	13.16
13.2	13.40
13.2	13.97
13.4	13.2
13.4	13.6
13.4	13.7
13.4	13.9
13.4	13.12
13.4	13.21
13.4	13.25
13.4	13.26
13.4	13.29
13.4	13.33
13.4	13.35
13.4	13.94
13.5	13.8
13.5	13.34
13.5	13.57
13.5	13.63
13.5	13.74
13.5	13.77
13.5	13.83
13.10	13.28
13.10	13.38
13.10	13.68
13.10	13.71
13.12	13.10
13.12	13.14
13.12	13.19
13.12	13.50
13.13	13.27
13.13	13.60
13.21	13.5
13.23	13.22
14.1	14.8
14.1	14.90
14.2	14.14
14.2	14.28
14.2	14.37
14.2	14.41
14.2	14.63
14.2	14.64
14.2	14.71
14.2	14.75
14.2	14.96
14.3	14.23
14.3	14.28
14.4	14.78
14.5	14.34
14.8	14.52
14.10	14.73
14.10	14.88
14.10	14.95
14.12	14.10
14.12	14.21
14.16	14.77
14.16	14.92
14.18	14.12
14.18	14.17
14.18	14.27
14.18	14.31
14.18	14.33
14.18	14.36
14.18	14.52
14.18	14.82
14.18	14.89
14.23	14.16
14.23	14.44
14.23	14.98
14.25	14.6
14.26	14.4
14.26	14.58
14.27	14.91
14.28	14.68
15.1	15.13
15.1	15.14
15.1	15.17
15.1	15.19
15.1	15.58
15.1	15.63
15.1	15.90
15.1	15.96
15.2	15.1
15.2	15.4
15.2	15.5
15.2	15.6
15.2	15.7
15.2	15.9
15.2	15.10
15.2	15.12
15.2	15.14
15.2	15.20
15.2	15.21
15.2	15.27
15.2	15.28
15.2	15.30
15.2	15.33
15.2	15.35
15.2	15.39
15.2	15.41
15.2	15.42
15.2	15.43
15.2	15.44
15.2	15.46
15.2	15.48
15.2	15.52
15.2	15.57
15.2	15.63
15.2	15.64
15.2	15.65
15.2	15.68
15.2	15.70
15.2	15.71
15.2	15.75
15.2	15.79
15.2	15.80
15.2	15.88
15.2	15.91
15.2	15.93
15.2	15.97
15.2	15.98
15.4	15.2
15.4	15.18
15.4	15.22
15.4	15.23
15.4	15.24
15.4	15.31
15.4	15.37
15.4	15.40
15.4	15.45
15.4	15.49
15.4	15.50
15.4	15.51
15.4	15.53
15.4	15.55
15.4	15.61
15.4	15.62
15.4	15.66
15.4	15.67
15.4	15.69
15.4	15.72
15.4	15.74
15.4	15.76
15.4	15.82
15.4	15.83
15.4	15.84
15.4	15.85
15.4	15.89
15.4	15.94
15.4	15.95
15.4	15.99
15.5	15.8
15.5	15.56
15.5	15.70
15.5	15.87
15.6	15.10
15.6	15.59
15.8	15.86
15.10	15.11
15.10	15.16
15.10	15.25
15.10	15.32
15.10	15.54
15.10	15.100
16.1	16.3
16.1	16.4
16.1	16.5
16.1	16.13
16.1	16.14
16.1	16.15
16.1	16.16
16.1	16.26
16.1	16.32
16.1	16.33
16.1	16.37
16.1	16.39
16.1	16.43
16.1	16.56
16.1	16.60
16.1	16.64
16.1	16.65
16.1	16.71
16.1	16.75
16.1	16.80
16.1	16.84
16.1	16.88
16.2	16.1
16.2	16.6
16.2	16.7
16.2	16.8
16.2	16.9
16.2	16.11
16.2	16.17
16.2	16.18
16.2	16.19
16.2	16.21
16.2	16.24
16.2	16.27
16.2	16.28
16.2	16.29
16.2	16.30
16.2	16.34
16.2	16.35
16.2	16.38
16.2	16.40
16.2	16.42
16.2	16.44
16.2	16.45
16.2	16.51
16.2	16.53
16.2	16.54
16.2	16.55
16.2	16.57
16.2	16.66
16.2	16.67
16.2	16.69
16.2	16.70
16.2	16.73
16.2	16.76
16.2	16.77
16.2	16.78
16.2	16.81
16.2	16.82
16.2	16.85
16.2	16.87
16.2	16.89
16.2	16.91
16.2	16.92
16.2	16.94
16.2	16.95
16.2	16.96
16.2	16.98
16.2	16.100
16.5	16.12
16.5	16.36
16.5	16.52
16.5	16.63
16.5	16.99
16.6	16.83
16.6	16.97
16.13	16.48
16.13	16.62
16.17	16.22
16.17	16.74
17.1	17.2
17.1	17.3
17.1	17.8
17.1	17.9
17.1	17.17
17.1	17.21
17.1	17.25
17.1	17.35
17.1	17.49
17.1	17.50
17.1	17.61
17.1	17.72
17.1	17.80
17.1	17.81
17.1	17.82
17.1	17.85
17.1	17.86
17.1	17.91
17.1	17.92
17.1	17.95
17.1	17.97
17.2	17.40
17.2	17.75
17.2	17.77
17.3	17.7
17.3	17.15
17.3	17.19
17.3	17.24
17.3	17.26
17.3	17.30
17.3	17.38
17.3	17.42
17.3	17.43
17.3	17.46
17.3	17.48
17.3	17.55
17.3	17.66
17.3	17.67
17.3	17.70
17.3	17.87
17.3	17.88
17.3	17.90
17.4	17.1
17.4	17.4
17.4	17.12
17.4	17.13
17.4	17.28
17.4	17.29
17.4	17.32
17.4	17.34
17.4	17.36
17.4	17.41
17.4	17.44
17.4	17.45
17.4	17.59
17.4	17.64
17.4	17.68
17.4	17.76
17.4	17.93
17.4	17.95
17.6	17.51
17.6	17.100
17.7	17.22
17.8	17.58
17.8	17.65
17.8	17.69
17.8	17.84
17.8	17.98
18.1	18.3
18.1	18.13
18.1	18.19
18.1	18.87
18.2	18.2
18.2	18.5
18.2	18.6
18.2	18.18
18.2	18.29
18.2	18.36
18.2	18.48
18.2	18.60
18.2	18.73
18.3	18.9
18.3	18.17
18.3	18.32
18.3	18.42
18.3	18.50
18.3	18.76
18.9	18.98
18.10	18.21
18.10	18.30
18.10	18.45
18.10	18.49
18.10	18.55
18.11	18.33
19.1	19.6
19.1	19.84
19.6	19.74
19.11	19.5
19.11	19.30
19.11	19.68
19.11	19.87
19.13	19.32
19.15	19.13
19.15	19.75
19.18	19.4
19.18	19.7
19.18	19.8
19.18	19.9
19.18	19.19
19.18	19.40
19.18	19.46
19.18	19.80
19.19	19.15
19.19	19.59
19.19	19.81
19.19	19.99
19.20	19.22
19.20	19.72
19.20	19.86
19.21	19.57
19.23	19.78
19.24	19.51
19.31	19.10
19.32	19.25
19.32	19.44
19.32	19.49
19.32	19.60
19.32	19.69
19.32	19.96
19.34	19.37
19.37	19.53
19.37	19.70
19.37	19.91
19.37	19.98
20.1	20.1
20.1	20.2
20.1	20.3
20.1	20.6
20.1	20.7
20.1	20.10
20.1	20.11
20.1	20.12
20.1	20.14
20.1	20.15
20.1	20.16
20.1	20.17
20.1	20.18
20.1	20.19
20.1	20.20
20.1	20.21
20.1	20.22
20.1	20.23
20.1	20.25
20.1	20.26
20.1	20.27
20.1	20.29
20.1	20.30
20.1	20.31
20.1	20.32
20.1	20.33
20.1	20.35
20.1	20.37
20.1	20.38
20.1	20.39
20.1	20.40
20.1	20.41
20.1	20.42
20.1	20.43
20.1	20.44
20.1	20.45
20.1	20.46
20.1	20.47
20.1	20.49
20.1	20.52
20.1	20.55
20.1	20.56
20.1	20.57
20.1	20.59
20.1	20.60
20.1	20.62
20.1	20.63
20.1	20.64
20.1	20.65
20.1	20.66
20.1	20.67
20.1	20.68
20.1	20.69
20.1	20.70
20.1	20.71
20.1	20.74
20.1	20.75
20.1	20.76
20.1	20.79
20.1	20.80
20.1	20.82
20.1	20.83
20.1	20.84
20.1	20.87
20.1	20.88
20.1	20.89
20.1	20.90
20.1	20.91
20.1	20.92
20.1	20.93
20.1	20.94
20.1	20.95
20.1	20.96
20.1	20.97
20.1	20.98
20.1	20.100
20.2	20.86
20.3	20.24
20.3	20.50
20.4	20.4
20.4	20.5
20.4	20.9
20.4	20.28
20.4	20.85
21.1	21.2
21.1	21.5
21.1	21.8
21.1	21.9
21.1	21.10
21.1	21.13
21.1	21.27
21.1	21.34
21.1	21.41
21.1	21.58
21.1	21.72
21.1	21.75
21.1	21.93
21.1	21.99
21.3	21.100
21.4	21.4
21.4	21.11
21.4	21.28
21.4	21.33
21.4	21.35
21.4	21.46
21.4	21.47
21.4	21.55
21.4	21.66
21.4	21.68
21.4	21.74
21.4	21.75
21.4	21.88
21.4	21.100
21.5	21.1
21.5	21.18
21.5	21.22
21.5	21.24
21.5	21.25
21.5	21.30
21.5	21.84
21.5	21.91
21.5	21.95
21.7	21.3
21.7	21.39
21.7	21.44
21.11	21.37
21.13	21.7
21.13	21.16
21.13	21.42
21.13	21.45
21.13	21.54
21.13	21.71
21.13	21.79
21.13	21.90
22.1	22.6
22.1	22.10
22.1	22.23
22.1	22.46
22.2	22.1
22.2	22.7
22.2	22.9
22.2	22.17
22.2	22.18
22.2	22.19
22.2	22.42
22.2	22.51
22.2	22.62
22.2	22.64
22.2	22.65
22.2	22.67
22.2	22.74
22.2	22.78
22.2	22.86
22.2	22.87
22.2	22.90
22.2	22.91
22.2	22.98
22.4	22.76
22.6	22.16
22.6	22.31
22.6	22.55
22.8	22.22
22.8	22.66
22.9	22.3
22.9	22.11
22.9	22.39
22.9	22.48
22.9	22.54
22.9	22.57
22.9	22.58
22.9	22.69
22.9	22.79
22.9	22.80
22.10	22.12
22.10	22.53
23.1	23.5
23.1	23.7
23.1	23.23
23.1	23.27
23.1	23.42
23.1	23.95
23.2	23.2
23.2	23.18
23.2	23.29
23.2	23.38
23.2	23.52
23.2	23.67
23.2	23.68
23.2	23.70
23.2	23.79
23.2	23.83
23.2	23.84
23.2	23.87
23.4	23.6
23.4	23.12
23.4	23.14
23.4	23.26
23.4	23.82
23.4	23.90
23.5	23.1
23.5	23.9
23.5	23.48
23.5	23.64
23.10	23.49
23.13	23.23
23.13	23.94
23.17	23.13
23.17	23.16
23.17	23.32
23.17	23.81
23.17	23.98
23.18	23.3
23.18	23.73
24.1	24.1
24.1	24.5
24.1	24.7
24.1	24.9
24.1	24.14
24.1	24.15
24.1	24.17
24.1	24.20
24.1	24.25
24.1	24.29
24.1	24.31
24.1	24.35
24.1	24.37
24.1	24.46
24.1	24.49
24.1	24.54
24.1	24.57
24.1	24.61
24.1	24.77
24.1	24.82
24.1	24.84
24.1	24.87
24.1	24.90
24.1	24.91
24.1	24.92
24.1	24.95
24.1	24.97
24.1	24.100
24.6	24.10
24.6	24.22
24.6	24.34
24.6	24.38
24.6	24.77
24.6	24.83
24.8	24.74
24.11	24.12
24.12	24.78
24.13	24.39
24.13	24.48
24.13	24.52
24.16	24.2
24.16	24.4
24.16	24.19
24.16	24.26
24.16	24.32
24.16	24.44
24.16	24.47
24.16	24.51
24.16	24.55
24.16	24.56
24.16	24.62
24.16	24.67
24.16	24.68
24.16	24.77
24.16	24.80
24.16	24.86
24.16	24.89
25.1	25.1
25.1	25.2
25.1	25.3
25.1	25.14
25.1	25.15
25.1	25.17
25.1	25.24
25.1	25.27
25.1	25.28
25.1	25.33
25.1	25.45
25.1	25.48
25.1	25.50
25.1	25.52
25.1	25.53
25.1	25.57
25.1	25.62
25.1	25.65
25.1	25.66
25.1	25.78
25.1	25.79
25.1	25.81
25.1	25.85
25.1	25.92
25.1	25.95
25.1	25.96
25.1	25.97
25.2	25.7
25.2	25.10
25.2	25.64
25.2	25.74
25.3	25.6
25.3	25.21
25.3	25.38
25.3	25.55
25.3	25.59
25.3	25.63
25.3	25.75
25.3	25.76
25.3	25.88
25.4	25.58
25.4	25.70
25.4	25.89
25.5	25.18
25.5	25.19
25.5	25.20
25.5	25.40
25.5	25.56
25.5	25.73
25.6	25.25
25.7	25.41
26.1	26.3
26.1	26.5
26.1	26.8
26.1	26.10
26.1	26.11
26.1	26.12
26.1	26.16
26.1	26.17
26.1	26.18
26.1	26.21
26.1	26.28
26.1	26.36
26.1	26.44
26.1	26.48
26.1	26.69
26.1	26.77
26.3	26.52
26.6	26.63
26.11	26.32
26.12	26.19
26.12	26.71
26.13	26.95
26.14	26.23
26.14	26.53
26.14	26.94
26.15	26.82
26.18	26.64
26.19	26.14
26.19	26.65
26.20	26.2
26.20	26.60
26.21	26.4
26.21	26.41
26.21	26.72
26.21	26.75
26.21	26.87
26.21	26.99
26.22	26.34
27.1	27.7
27.1	27.15
27.1	27.18
27.1	27.26
27.1	27.32
27.1	27.56
27.1	27.65
27.1	27.90
27.2	27.1
27.2	27.5
27.2	27.8
27.2	27.45
27.2	27.53
27.2	27.73
27.2	27.89
27.2	27.97
27.5	27.49
27.6	27.37
27.10	27.93
27.17	27.9
27.20	27.10
27.22	27.11
27.22	27.28
27.22	27.31
27.22	27.50
27.22	27.52
27.22	27.60
27.22	27.62
27.22	27.82
27.27	27.12
27.27	27.58
27.27	27.68
27.27	27.70
27.27	27.76
28.1	28.2
28.1	28.21
28.1	28.31
28.1	28.32
28.1	28.39
28.1	28.43
28.1	28.44
28.1	28.45
28.1	28.52
28.1	28.53
28.1	28.64
28.1	28.65
28.1	28.66
28.1	28.78
28.1	28.83
28.1	28.85
28.1	28.86
28.1	28.90
28.1	28.92
28.1	28.93
28.1	28.100
28.2	28.4
28.2	28.8
28.2	28.10
28.2	28.11
28.2	28.13
28.2	28.16
28.2	28.17
28.2	28.18
28.2	28.20
28.2	28.22
28.2	28.24
28.2	28.27
28.2	28.30
28.2	28.80
28.2	28.84
28.2	28.91
28.2	28.94
28.2	28.98
28.6	28.61
28.7	28.3
28.7	28.5
28.7	28.6
28.7	28.15
28.7	28.19
28.7	28.23
28.7	28.25
28.7	28.28
28.7	28.29
28.7	28.33
28.7	28.36
28.7	28.38
28.7	28.40
28.7	28.46
28.7	28.50
28.7	28.60
28.7	28.62
28.7	28.63
28.7	28.67
28.7	28.69
28.7	28.70
28.7	28.73
28.7	28.75
28.7	28.88
28.7	28.89
28.8	28.1
28.8	28.7
28.8	28.12
28.8	28.68
28.8	28.77
28.8	28.81
28.8	28.96
29.1	29.15
29.1	29.29
29.1	29.40
29.1	29.83
29.2	29.22
29.2	29.33
29.2	29.72
29.2	29.74
29.4	29.44
29.4	29.86
29.6	29.12
29.6	29.38
29.6	29.45
29.6	29.52
29.6	29.63
29.6	29.88
29.8	29.62
29.9	29.30
29.9	29.61
29.9	29.73
29.11	29.1
29.11	29.7
29.11	29.14
29.11	29.26
29.11	29.28
29.11	29.31
29.11	29.66
29.11	29.75
29.11	29.76
29.11	29.90
29.12	29.48
29.12	29.69
29.12	29.84
29.13	29.4
29.13	29.5
29.13	29.6
29.13	29.20
29.13	29.23
29.13	29.27
29.13	29.42
29.13	29.79
30.1	30.3
30.1	30.11
30.1	30.52
30.3	30.37
30.4	30.13
30.4	30.27
30.4	30.39
30.5	30.20
30.5	30.93
30.7	30.6
30.7	30.32
30.9	30.2
30.9	30.56
30.9	30.61
30.11	30.45
30.11	30.58
30.14	30.30
30.14	30.33
31.1	31.4
31.1	31.10
31.1	31.13
31.1	31.17
31.1	31.23
31.1	31.27
31.1	31.28
31.1	31.31
31.1	31.37
31.1	31.39
31.1	31.49
31.1	31.74
31.1	31.78
31.1	31.80
31.1	31.88
31.1	31.89
31.1	31.91
31.1	31.93
31.2	31.22
31.2	31.50
31.2	31.56
31.5	31.18
31.14	31.2
31.14	31.7
31.14	31.14
31.14	31.20
31.14	31.24
31.14	31.29
31.14	31.42
31.14	31.61
31.14	31.64
31.14	31.73
31.14	31.95
31.16	31.6
31.16	31.8
31.16	31.12
31.16	31.19
31.16	31.25
31.16	31.32
31.16	31.35
31.16	31.51
31.16	31.54
31.16	31.55
31.16	31.66
31.16	31.67
31.16	31.68
31.16	31.69
31.16	31.81
31.16	31.100
31.18	31.65
31.20	31.1
31.20	31.6
31.20	31.9
31.20	31.15
31.20	31.34
31.20	31.36
31.20	31.48
31.20	31.53
31.20	31.54
31.20	31.75
31.20	31.76
31.20	31.77
31.20	31.100
32.2	32.3
32.2	32.8
32.2	32.14
32.2	32.15
32.2	32.16
32.2	32.50
32.2	32.54
32.2	32.55
32.2	32.63
32.2	32.85
32.2	32.95
32.3	32.25
32.3	32.33
32.4	32.65
32.5	32.7
32.5	32.13
32.5	32.24
32.5	32.68
32.5	32.70
32.5	32.90
32.6	32.46
32.6	32.58
32.7	32.10
32.7	32.36
32.7	32.98
32.8	32.18
32.11	32.60
33.2	33.1
33.2	33.2
33.2	33.3
33.2	33.5
33.2	33.10
33.2	33.16
33.2	33.19
33.2	33.20
33.2	33.24
33.2	33.30
33.2	33.35
33.2	33.39
33.2	33.42
33.2	33.47
33.2	33.53
33.2	33.56
33.2	33.63
33.2	33.67
33.2	33.68
33.2	33.69
33.2	33.70
33.2	33.71
33.2	33.73
33.2	33.75
33.2	33.79
33.2	33.83
33.2	33.85
33.2	33.86
33.2	33.88
33.2	33.91
33.2	33.92
33.2	33.96
33.2	33.98
33.4	33.15
33.4	33.21
33.4	33.28
33.4	33.29
33.4	33.38
33.4	33.40
33.4	33.80
33.5	33.51
33.5	33.60
33.5	33.78
33.6	33.4
33.6	33.18
33.6	33.25
33.6	33.31
33.6	33.34
33.6	33.46
33.6	33.84
33.7	33.6
33.7	33.8
33.7	33.22
33.7	33.43
33.7	33.44
33.7	33.89
33.7	33.90
33.7	33.93
34.3	34.95
34.6	34.21
34.6	34.86
34.6	34.89
34.10	34.22
34.10	34.29
34.10	34.31
34.10	34.32
34.10	34.49
34.14	34.1
34.14	34.3
34.14	34.12
34.14	34.13
34.14	34.24
34.14	34.27
34.14	34.28
34.14	34.44
34.14	34.52
34.14	34.55
34.14	34.57
34.14	34.65
34.14	34.66
34.14	34.82
34.17	34.59
34.17	34.64
34.17	34.68
34.17	34.79
34.17	34.85
34.17	34.91
34.18	34.2
34.18	34.4
34.18	34.5
34.18	34.6
34.18	34.9
34.18	34.11
34.18	34.14
34.18	34.19
34.18	34.20
34.18	34.23
34.18	34.26
34.18	34.39
34.18	34.48
34.18	34.51
34.18	34.54
34.18	34.58
34.18	34.70
34.18	34.75
34.18	34.78
34.18	34.81
34.18	34.87
34.18	34.88
34.18	34.94
35.1	35.1
35.1	35.3
35.1	35.9
35.1	35.17
35.1	35.34
35.1	35.36
35.1	35.38
35.1	35.40
35.1	35.41
35.1	35.45
35.1	35.47
35.1	35.48
35.1	35.50
35.1	35.56
35.1	35.69
35.1	35.71
35.1	35.76
35.1	35.77
35.1	35.78
35.1	35.83
35.1	35.87
35.1	35.88
35.1	35.95
35.1	35.98
35.1	35.99
35.2	35.37
35.3	35.8
35.6	35.31
35.6	35.43
35.7	35.13
35.7	35.39
35.19	35.10
35.19	35.11
35.19	35.18
35.19	35.26
35.19	35.44
35.19	35.53
35.21	35.62
35.22	35.32
35.26	35.94
35.28	35.90
35.30	35.5
35.32	35.59
35.32	35.81
36.1	36.6
36.1	36.18
36.1	36.33
36.1	36.35
36.1	36.78
36.2	36.43
36.2	36.63
36.2	36.86
36.4	36.26
36.4	36.37
36.4	36.49
36.4	36.60
36.6	36.1
36.6	36.2
36.6	36.3
36.6	36.4
36.6	36.5
36.6	36.7
36.6	36.9
36.6	36.11
36.6	36.12
36.6	36.13
36.6	36.19
36.6	36.22
36.6	36.23
36.6	36.24
36.6	36.29
36.6	36.30
36.6	36.32
36.6	36.40
36.6	36.45
36.6	36.56
36.6	36.59
36.6	36.67
36.6	36.68
36.6	36.72
36.6	36.76
36.6	36.85
36.6	36.88
36.6	36.89
36.6	36.91
36.6	36.92
36.6	36.100
36.7	36.14
36.7	36.76
36.7	36.82
36.16	36.50
36.16	36.90
36.18	36.39
37.1	37.11
37.1	37.25
37.1	37.58
37.1	37.63
37.3	37.13
37.5	37.6
37.5	37.28
37.5	37.45
37.5	37.46
37.5	37.47
37.5	37.55
37.5	37.78
37.5	37.81
37.5	37.87
37.5	37.93
37.5	37.97
37.6	37.16
37.8	37.3
37.8	37.14
37.8	37.33
37.8	37.62
37.8	37.64
37.8	37.65
37.8	37.77
37.8	37.92
37.10	37.10
37.10	37.23
37.10	37.38
37.10	37.39
38.1	38.1
38.1	38.7
38.1	38.8
38.1	38.9
38.1	38.11
38.1	38.25
38.1	38.57
38.1	38.66
38.1	38.71
38.1	38.77
38.1	38.80
38.1	38.82
38.1	38.83
38.1	38.85
38.1	38.100
38.4	38.23
38.4	38.24
38.4	38.28
38.4	38.31
38.4	38.46
38.4	38.47
38.4	38.51
38.4	38.53
38.4	38.62
38.4	38.64
38.4	38.67
38.4	38.87
38.4	38.99
38.5	38.92
38.8	38.14
38.8	38.36
38.8	38.37
38.8	38.72
38.8	38.81
38.11	38.3
38.11	38.8
38.11	38.88
38.12	38.21
38.12	38.27
38.12	38.32
38.12	38.65
38.12	38.70
38.12	38.76
38.13	38.5
38.13	38.94
39.1	39.11
39.1	39.28
39.1	39.33
39.1	39.52
39.3	39.22
39.3	39.26
39.3	39.48
39.4	39.38
39.4	39.39
39.4	39.44
39.4	39.45
39.4	39.58
39.4	39.62
39.4	39.64
39.4	39.65
39.4	39.69
39.4	39.80
39.4	39.83
39.4	39.95
39.5	39.46
39.5	39.87
39.8	39.2
39.8	39.12
39.8	39.13
39.8	39.18
39.8	39.34
39.8	39.36
39.8	39.56
39.8	39.61
39.8	39.70
39.8	39.92
39.9	39.4
39.9	39.5
39.11	39.81
39.13	39.1
39.13	39.3
39.13	39.20
39.13	39.35
39.13	39.96
39.14	39.29
39.16	39.14
39.16	39.60
39.16	39.71
39.16	39.78
39.16	39.89
39.16	39.91
40.1	40.35
40.3	40.2
40.3	40.5
40.3	40.14
40.3	40.15
40.3	40.23
40.3	40.34
40.3	40.39
40.3	40.61
40.3	40.68
40.3	40.70
40.3	40.75
40.3	40.79
40.3	40.95
40.4	40.74
40.4	40.76
40.4	40.78
40.4	40.83
40.5	40.100
40.6	40.43
40.6	40.73
40.7	40.85
40.7	40.87
40.9	40.53
40.11	40.99
40.12	40.22
40.15	40.17
40.16	40.22
40.18	40.1
40.18	40.3
40.18	40.7
40.18	40.8
40.18	40.13
40.18	40.18
40.18	40.21
40.18	40.25
40.18	40.28
40.18	40.30
40.18	40.42
40.18	40.44
40.18	40.48
40.18	40.59
40.18	40.60
40.18	40.64
40.18	40.65
40.19	40.4
40.19	40.19
40.19	40.72
40.19	40.80
40.21	40.38
41.1	41.4
41.1	41.6
41.1	41.8
41.1	41.10
41.1	41.13
41.1	41.19
41.1	41.22
41.1	41.31
41.1	41.32
41.1	41.34
41.1	41.37
41.1	41.40
41.1	41.51
41.1	41.55
41.1	41.58
41.1	41.59
41.1	41.60
41.1	41.61
41.1	41.64
41.1	41.66
41.1	41.67
41.1	41.68
41.1	41.72
41.1	41.76
41.1	41.78
41.1	41.88
41.1	41.89
41.1	41.90
41.1	41.96
41.3	41.53
41.4	41.18
41.4	41.38
41.4	41.47
41.4	41.48
41.4	41.49
41.4	41.54
41.4	41.56
41.4	41.75
41.4	41.79
41.4	41.80
41.4	41.83
41.4	41.87
41.4	41.99
41.5	41.3
41.5	41.11
41.5	41.12
41.5	41.27
41.5	41.41
41.5	41.91
41.5	41.93
41.6	41.1
41.6	41.2
41.6	41.25
41.6	41.29
41.6	41.33
41.6	41.42
41.6	41.43
41.6	41.44
41.6	41.57
41.6	41.65
41.6	41.97
41.6	41.98
41.9	41.5
41.9	41.24
41.9	41.46
41.9	41.71
41.9	41.84
41.16	41.16
41.22	41.85
41.26	41.69
41.29	41.100
42.1	42.12
42.1	42.15
42.1	42.38
42.1	42.83
42.3	42.4
42.3	42.35
42.3	42.61
42.4	42.3
42.4	42.11
42.4	42.27
42.4	42.37
42.4	42.53
42.4	42.73
42.4	42.76
42.4	42.77
42.4	42.79
42.4	42.87
42.6	42.85
42.6	42.89
42.7	42.1
42.7	42.2
42.7	42.52
42.7	42.55
42.7	42.57
42.7	42.60
42.7	42.62
42.7	42.63
42.7	42.66
42.7	42.71
42.11	42.8
43.1	43.1
43.1	43.19
43.1	43.21
43.1	43.31
43.1	43.32
43.1	43.55
43.1	43.71
43.1	43.81
43.2	43.5
43.2	43.10
43.2	43.24
43.4	43.48
43.5	43.38
43.6	43.36
43.6	43.51
43.6	43.69
43.9	43.11
43.9	43.57
43.13	43.6
43.13	43.41
44.1	44.1
44.1	44.28
44.1	44.42
44.1	44.49
44.1	44.51
44.1	44.55
44.1	44.75
44.1	44.76
44.1	44.89
44.2	44.6
44.2	44.46
44.3	44.45
44.8	44.9
44.8	44.29
44.8	44.73
44.8	44.78
44.8	44.88
44.11	44.4
44.11	44.8
44.11	44.50
44.11	44.79
44.12	44.43
44.13	44.11
44.13	44.25
44.13	44.27
44.13	44.87
44.14	44.16
44.21	44.5
44.21	44.15
44.21	44.20
44.21	44.22
44.21	44.61
44.21	44.92
44.22	44.33
